image_width: 1920
image_height: 1080
camera_name: logitech_01
camera_matrix:
  rows: 3
  cols: 3
  data: [1434.896002313388, 0, 950.5985241682246, 0, 1432.494656355501, 595.2390062374659, 0, 0, 1]
distortion_model: plumb_bob
distortion_coefficients:
  rows: 1
  cols: 5
  data: [-0.003146590534049659, -0.05194693522502501, 0.001682386883248793, 0.001452343887618012, 0]
rectification_matrix:
  rows: 3
  cols: 3
  data: [1, 0, 0, 0, 1, 0, 0, 0, 1]
projection_matrix:
  rows: 3
  cols: 4
  data: [1416.487548828125, 0, 952.6517253532365, 0, 0, 1428.365234375, 596.033421982138, 0, 0, 0, 1, 0]
