image_width: 1920
image_height: 1080
camera_name: narrow_stereo
camera_matrix:
  rows: 3
  cols: 3
  data: [1477.18032,    0.     ,  955.68333,
            0.     , 1481.61307,  570.86686,
            0.     ,    0.     ,    1.     ]
distortion_model: plumb_bob
distortion_coefficients:
  rows: 1
  cols: 5
  data: [0.088096, -0.122502, 0.009661, 0.004593, 0.000000]
rectification_matrix:
  rows: 3
  cols: 3
  data: [1., 0., 0.,
         0., 1., 0.,
         0., 0., 1.]
projection_matrix:
  rows: 3
  cols: 4
  data: [1504.92932,    0.     ,  964.18182,    0.     ,
            0.     , 1510.63977,  579.94377,    0.     ,
            0.     ,    0.     ,    1.     ,    0.     ]
