image_width: 1920
image_height: 1080
camera_name: logitech_02
camera_matrix:
  rows: 3
  cols: 3
  data: [1421.585215954035, 0, 965.5009505287646, 0, 1420.755930715695, 554.0705138083258, 0, 0, 1]
distortion_model: plumb_bob
distortion_coefficients:
  rows: 1
  cols: 5
  data: [0.008903907242612034, -0.04699338691256544, 0.002482171589939332, 0.001477611481225494, 0]
rectification_matrix:
  rows: 3
  cols: 3
  data: [1, 0, 0, 0, 1, 0, 0, 0, 1]
projection_matrix:
  rows: 3
  cols: 4
  data: [1412.62451171875, 0, 968.2024967901816, 0, 0, 1420.227661132812, 555.2620796019983, 0, 0, 0, 1, 0]
