image_width: 1920
image_height: 1080
camera_name: logitech_16
camera_matrix:
  rows: 3
  cols: 3
  data: [2997.614193242015, 0, 943.8199117321454, 0, 2930.536814847366, 230.4610700007325, 0, 0, 1]
distortion_model: plumb_bob
distortion_coefficients:
  rows: 1
  cols: 5
  data: [0.08467304038692654, -1.580427288957827, 0.01828280262152816, 0.002602626565182042, 0]
rectification_matrix:
  rows: 3
  cols: 3
  data: [1, 0, 0, 0, 1, 0, 0, 0, 1]
projection_matrix:
  rows: 3
  cols: 4
  data: [2975.18408203125, 0, 945.0132850817899, 0, 0, 2953.03466796875, 233.1256379101615, 0, 0, 0, 1, 0]
