image_width: 1920
image_height: 1080
camera_name: narrow_stereo
camera_matrix:
  rows: 3
  cols: 3
  data: [1416.79542,    0.     ,  963.17951,
            0.     , 1416.12424,  534.69586,
            0.     ,    0.     ,    1.     ]
distortion_model: plumb_bob
distortion_coefficients:
  rows: 1
  cols: 5
  data: [0.066071, -0.081511, -0.009078, 0.006553, 0.000000]
rectification_matrix:
  rows: 3
  cols: 3
  data: [1., 0., 0.,
         0., 1., 0.,
         0., 0., 1.]
projection_matrix:
  rows: 3
  cols: 4
  data: [1440.58984,    0.     ,  976.47215,    0.     ,
            0.     , 1445.35681,  524.43567,    0.     ,
            0.     ,    0.     ,    1.     ,    0.     ]
