image_width: 1920
image_height: 1080
camera_name: narrow_stereo
camera_matrix:
  rows: 3
  cols: 3
  data: [1464.98766,    0.     ,  993.50344,
            0.     , 1510.59737,  622.26191,
            0.     ,    0.     ,    1.     ]
distortion_model: plumb_bob
distortion_coefficients:
  rows: 1
  cols: 5
  data: [0.082401, -0.146581, -0.016527, 0.003984, 0.000000]
rectification_matrix:
  rows: 3
  cols: 3
  data: [1., 0., 0.,
         0., 1., 0.,
         0., 0., 1.]
projection_matrix:
  rows: 3
  cols: 4
  data: [1483.50281,    0.     , 1002.93897,    0.     ,
            0.     , 1540.43945,  608.70755,    0.     ,
            0.     ,    0.     ,    1.     ,    0.     ]
