image_width: 1920
image_height: 1080
camera_name: realsense_4
camera_matrix:
  rows: 3
  cols: 3
  data: [1600.92571,    0.     ,  960.78558,
            0.     , 1608.33564,  456.6396 ,
            0.     ,    0.     ,    1.     ]
distortion_model: plumb_bob
distortion_coefficients:
  rows: 1
  cols: 5
  data: [0.160371, -0.512086, 0.008756, 0.008218, 0.000000]
rectification_matrix:
  rows: 3
  cols: 3
  data: [1., 0., 0.,
         0., 1., 0.,
         0., 0., 1.]
projection_matrix:
  rows: 3
  cols: 4
  data: [1583.12305,    0.     ,  977.76061,    0.     ,
            0.     , 1636.35657,  461.25032,    0.     ,
            0.     ,    0.     ,    1.     ,    0.     ]
