image_width: 1920
image_height: 1080
camera_name: realsense_3
camera_matrix:
  rows: 3
  cols: 3
  data: [1734.29316,    0.     , 1063.19576,
            0.     , 1737.85697,  565.31245,
            0.     ,    0.     ,    1.     ]
distortion_model: plumb_bob
distortion_coefficients:
  rows: 1
  cols: 5
  data: [0.081323, -0.168872, -0.000204, 0.004063, 0.000000]
rectification_matrix:
  rows: 3
  cols: 3
  data: [1., 0., 0.,
         0., 1., 0.,
         0., 0., 1.]
projection_matrix:
  rows: 3
  cols: 4
  data: [1744.82239,    0.     , 1070.50656,    0.     ,
            0.     , 1758.10449,  564.62994,    0.     ,
            0.     ,    0.     ,    1.     ,    0.     ]
